4.279999999999872 4.422030009999958 4.4 4.4
mu: [0.5 0.5]
r: [0. 6.]
P: [[[0.6  0.4 ]
  [0.85 0.15]]

 [[0.4  0.6 ]
  [0.77 0.23]]]
c: [[0.7        0.3       ]
 [0.87796999 0.33747898]]
2.2
[[0.0, 1.5999999999999999], [0.0, 1.5999999999999999]]
[0 0]
4.422030009999958
[[[0.6881200400002854, 0.0]], [[0.0, 2.4678199399997993], [0.0, 0.0]]]
[[[1.0, 0.0], [1.0, 0.0]], [[1.0, 0.0], [1.0, 0.0]]]
[[[1.0, 0.0], [1.0, 0.0, 0.0, 0.0]], [[1.0, 0.0], [1.0, 0.0, 0.0, 0.0]]]
2.2
[[[0.0, 1.5999999999999999], [0.0, 0.0]], [[0.0, 1.5999999999999999], [0.0, 0.0]]]
[[1.0, 0.0], [1.0, 0.0]]
